6

20 44 322312
66993	192377	192058	199863	75671	54089	129273	29862	195449	64248	38692	105148	64783	72600	20867	29005	152848	89503	172691	75005

10 44 313112
139103	144441	68711	194810	27490	29985	119912	119469	175576	61580

4 41 532211
78085	190028	95446	41363

20 23 93212
187027	173915	195968	114963	172735	6856	23706	153096	116546	45311	138340	49310	178123	67458	165804	6517	27519	187181	51852	27929

19 1 12123
89950	17829	86677	132988	141486	179410	151250	163338	95071	37462	83658	131083	28615	163406	137828	38160	195123	141939	176346

1 2 223212
176372